Wall 0 0 530 10
Wall 0 0 10 430
Wall 520 0 10 430
KillingWall 0 420 530 10
Brick 20 40 40 10
Brick 70 40 40 10
Brick 120 40 40 10
Brick 170 40 40 10
Brick 220 40 40 10
Brick 270 40 40 10
Brick 320 40 40 10
Brick 370 40 40 10
Brick 420 40 40 10
Brick 470 40 40 10
Brick 45 60 40 10
Brick 95 60 40 10
Brick 145 60 40 10
Brick 195 60 40 10
Brick 245 60 40 10
Brick 295 60 40 10
Brick 345 60 40 10
Brick 395 60 40 10
Brick 445 60 40 10
Brick 20 80 40 10
Brick 70 80 40 10
Brick 120 80 40 10
Brick 170 80 40 10
Brick 220 80 40 10
Brick 270 80 40 10
Brick 320 80 40 10
Brick 370 80 40 10
Brick 420 80 40 10
Brick 470 80 40 10
Ball 200 100 10 10
Ball 300 250 10 10
Paddle 200 400 80 10
